22 serialization::archive 16 0 0 40 0 0 0 0 2 1 1
0 0 0 0 2 t0 11 Inspection0 -1 4 1 0
1 -1 -1 100 0 -1 0 0 0  0  1 2
2 1 2 t1 11 Inspection1 -1 4
3 -1 -1 100 0 -1 0 1 0  0  2 2
4 2 2 t2 11 Inspection2 -1 4
5 -1 -1 100 0 -1 0 2 0  0  3 2
6 3 2 t3 11 Inspection3 -1 4
7 -1 -1 100 0 -1 0 3 0  0  4 2
8 4 2 t4 11 Inspection4 -1 4
9 -1 -1 100 0 -1 0 4 0  0  5 2
10 5 2 t5 11 Inspection5 -1 4
11 -1 -1 100 0 -1 0 5 0  0  6 2
12 6 2 t6 11 Inspection6 -1 4
13 -1 -1 100 0 -1 0 6 0  0  7 2
14 7 2 t7 11 Inspection7 -1 4
15 -1 -1 100 0 -1 0 7 0  0  8 2
16 8 2 t8 11 Inspection8 -1 4
17 -1 -1 100 0 -1 0 8 0  0  9 2
18 9 2 t9 11 Inspection9 -1 4
19 -1 -1 100 0 -1 0 9 0  0  10 2
20 10 3 t10 12 Inspection10 -1 4
21 -1 -1 100 0 -1 0 10 0  0  11 2
22 11 3 t11 12 Inspection11 -1 4
23 -1 -1 100 0 -1 0 11 0  0  12 2
24 12 3 t12 12 Inspection12 -1 4
25 -1 -1 100 0 -1 0 12 0  0  13 2
26 13 3 t13 12 Inspection13 -1 4
27 -1 -1 100 0 -1 0 13 0  0  14 2
28 14 3 t14 12 Inspection14 -1 4
29 -1 -1 100 0 -1 0 14 0  0  15 2
30 15 3 t15 12 Inspection15 -1 4
31 -1 -1 100 0 -1 0 15 0  0  16 2
32 16 3 t16 12 Inspection16 -1 4
33 -1 -1 100 0 -1 0 16 0  0  17 2
34 17 3 t17 12 Inspection17 -1 4
35 -1 -1 100 0 -1 0 17 0  0  18 2
36 18 3 t18 12 Inspection18 -1 4
37 -1 -1 100 0 -1 0 18 0  0  19 2
38 19 3 t19 12 Inspection19 -1 4
39 -1 -1 100 0 -1 0 19 0  0  20 2
40 20 3 t20 12 Inspection20 -1 4
41 -1 -1 100 0 -1 0 20 0  0  21 2
42 21 3 t21 12 Inspection21 -1 4
43 -1 -1 100 0 -1 0 21 0  0  22 2
44 22 3 t22 12 Inspection22 -1 4
45 -1 -1 100 0 -1 0 22 0  0  23 2
46 23 3 t23 12 Inspection23 -1 4
47 -1 -1 100 0 -1 0 23 0  0  24 2
48 24 3 t24 12 Inspection24 -1 4
49 -1 -1 100 0 -1 0 24 0  0  25 2
50 25 3 t25 12 Inspection25 -1 4
51 -1 -1 100 0 -1 0 25 0  0  26 2
52 26 3 t26 12 Inspection26 -1 4
53 -1 -1 100 0 -1 0 26 0  0  27 2
54 27 3 t27 12 Inspection27 -1 4
55 -1 -1 100 0 -1 0 27 0  0  28 2
56 28 3 t28 12 Inspection28 -1 4
57 -1 -1 100 0 -1 0 28 0  0  29 2
58 29 3 t29 12 Inspection29 -1 4
59 -1 -1 100 0 -1 0 29 0  0  30 2
60 30 3 t30 12 Inspection30 -1 4
61 -1 -1 100 0 -1 0 30 0  0  31 2
62 31 3 t31 12 Inspection31 -1 4
63 -1 -1 100 0 -1 0 31 0  0  32 2
64 32 3 t32 12 Inspection32 -1 4
65 -1 -1 100 0 -1 0 32 0  0  33 2
66 33 3 t33 12 Inspection33 -1 4
67 -1 -1 100 0 -1 0 33 0  0  34 2
68 34 3 t34 12 Inspection34 -1 4
69 -1 -1 100 0 -1 0 34 0  0  35 2
70 35 3 t35 12 Inspection35 -1 4
71 -1 -1 100 0 -1 0 35 0  0  36 2
72 36 3 t36 12 Inspection36 -1 4
73 -1 -1 100 0 -1 0 36 0  0  37 2
74 37 3 t37 12 Inspection37 -1 4
75 -1 -1 100 0 -1 0 37 0  0  38 2
76 38 3 t38 12 Inspection38 -1 4
77 -1 -1 100 0 -1 0 38 0  0  39 2
78 39 3 t39 12 Inspection39 -1 4
79 -1 -1 100 0 -1 0 39 0  0 
